"year" "miami" "group" "count" "pop" "grade" "n_unem" "pop_unem" "n_emp" "pop_emp" "urate" "n_earn" "pop_earn" "log_earn" "earnwk" "uhours"
"1" 1979 0 1 8283 4994680.17893473 12.9011624590581 288 168988.617675781 6065 3660157.30456543 4.41321958231541 5378 3254866.02646891 1.93184031888273 323.848992265672 39.4215321680922
"2" 1979 0 2 1876 1149538.53833008 11.8306272623085 139 81748.7223103841 1149 714229.25374349 10.2702241481178 1093 680246.081258138 1.7433857591094 247.200707689899 38.9066788655078
"3" 1979 0 3 627 384731.428995768 13.4884590781512 23 14481.0950927734 456 282188.052103678 4.88122719521763 409 254611.567036947 1.86567693523231 295.355287988969 38.9388753056235
"4" 1979 0 4 61 35891.5866699219 11.9147194591681 5 2935.91080729167 38 22487.8858235677 11.5478850382561 34 20463.0832926432 1.8415208305397 282.706802316143 37.7647058823529
"5" 1979 0 5 2399 1438609.67230225 9.33275011116481 109 63389.674214681 1613 970513.638468424 6.13110272856918 1514 912909.130065918 1.67321806288824 236.190280473325 39.3599735799207
"6" 1979 1 1 533 319267.600646973 12.8246926566891 20 12200.5159098307 381 229095.268147786 5.05624910003295 318 190891.78141276 1.83027599379233 289.72043533353 39.125786163522
"7" 1979 1 2 394 244059.980326335 11.3968090719541 23 13823.1116129557 241 152796.141459147 8.29622709145978 231 146088.994812012 1.60611544118931 207.806903308283 38.3030303030303
"8" 1979 1 4 445 252372.781728109 10.9543920197292 18 10324.3575439453 319 184424.614227295 5.30136690840797 263 154028.967468262 1.6001973770617 208.235692473442 38.2699619771863
"9" 1979 1 5 171 102868.355061849 11.5667051304726 8 4631.11995442708 111 66132.9835205078 6.54444799977923 100 59904.5701904297 1.51246743204108 204.546568537259 40.1
"10" 1980 0 1 8545 5097231.79538981 12.9796667141039 299 174556.328328451 6308 3764027.21984863 4.43195697623938 5504 3294338.02768962 1.90447443147631 312.384084302326 39.0221656976744
"11" 1980 0 2 1867 1148683.37349447 11.8798809011517 184 106439.413391113 1178 735300.339742025 12.6451688891873 1097 686670.815185547 1.69397004958296 239.550592525068 38.7474931631723
"12" 1980 0 3 735 429692.006701152 13.3046461366918 30 19270.7217610677 533 306593.322224935 5.91373062377372 462 270076.588968913 1.77872995164737 273.006493506493 38.7207792207792
"13" 1980 0 4 78 45887.1842447917 11.6221899759395 10 5364.93253580729 51 30641.1225179036 14.9000842436205 47 28420.6158854167 1.72282694331398 249.723404255319 38.0425531914894
"14" 1980 0 5 2593 1547752.10514323 9.42617516891754 169 98120.4580891927 1754 1052117.84822591 8.53044604326653 1629 981370.60172526 1.63759749598494 227.674033149171 38.9521178637201
"15" 1980 1 1 538 321468.372355143 12.9282858712024 11 5824.58911132812 381 228604.936442057 2.48458000227523 327 195792.598144531 1.84246541599494 286.908256880734 38.6574923547401
"16" 1980 1 2 410 263894.955881755 11.4662815395707 15 10695.9967854818 280 181032.270935059 5.57872707694416 268 174332.065124512 1.56892653794765 204.481343283582 38.5634328358209
"17" 1980 1 4 492 278178.608927409 10.7493993716093 27 15487.7748616536 346 198013.847544352 7.25417197636151 294 169231.991760254 1.54420815059029 202.397959183673 39.2414965986395
"18" 1980 1 5 203 120229.534830729 11.172915252435 11 6386.45161946615 130 76794.714864095 7.67776155282492 118 69785.4974161784 1.5524845578459 198.483050847458 38.6016949152542
"19" 1981 0 1 8318 5320906.83648682 13.133733519326 276 173876.337972005 6109 3890008.88155111 4.27857403887035 5278 3357767.69793701 1.90117123681719 309.110079019163 39.081470253884
"20" 1981 0 2 1942 1241382.62835693 12.094596697733 177 114070.555155436 1229 790000.828226725 12.6174279213102 1158 744075.313151042 1.71785729126765 244.927557513461 38.6208981001727
"21" 1981 0 3 724 435714.327718099 13.4167632199009 21 12068.6449788411 496 297398.697753906 3.8998121327663 422 255080.621988932 1.82161630848276 279.041450056023 39.0260663507109
"22" 1981 0 4 80 52139.9535725911 11.5746816242926 4 2344.43912760417 51 33581.4593098958 6.52576338955801 43 28225.2950846354 1.6791027524297 237.798791107469 37.1395348837209
"23" 1981 0 5 2651 1649377.41892497 9.34260647685068 163 100103.275187174 1746 1093047.60695394 8.38982535113571 1635 1026528.69761149 1.61660607031356 224.090192961421 38.9241590214067
"24" 1981 1 1 548 364569.169759115 12.9341414617407 17 10668.7767333984 395 263670.629882812 3.88889691969174 347 233107.773111979 1.83740551562882 284.015251346765 38.4755043227666
"25" 1981 1 2 373 267492.645039876 11.3782222463449 25 18804.5049235026 244 176847.664123535 9.6111916443828 229 167017.162455241 1.62240988382238 210.980140943514 38.2751091703057
"26" 1981 1 3 20 14470.055094401 12.3341771300248 2 1344.74332682292 15 10630.247639974 11.2295978389587 13 9517.88427734375 1.62838413327304 222.881057268722 39.8461538461538
"27" 1981 1 4 595 371964.509063721 10.4905197631369 44 27233.521697998 384 241887.919087728 10.1194173227102 330 208895.311462402 1.52146878389764 197.224202376185 38.2212121212121
"28" 1981 1 5 173 117103.038065592 11.1480289720974 14 9358.75919596354 104 69879.3407185872 11.8109333843894 95 64009.7332560221 1.54670578841058 201.680176211454 37.821052631579
"29" 1982 0 1 8160 5376673.8815918 13.2009437923451 442 285674.760986328 5924 3898287.6013387 6.82785207531308 5129 3368197.45188395 1.91659284328345 314.409480373503 38.9044648079548
"30" 1982 0 2 1957 1298629.11769613 12.1257873907867 179 121244.533589681 1246 834721.513020833 12.682933041353 1185 798029.541300456 1.71444037452091 242.887822676807 38.3924050632911
"31" 1982 0 3 788 498318.79884847 13.3462681060317 47 29273.0547892253 515 325307.161946615 8.2556931852274 449 285411.502075195 1.80521235986907 274.283486343841 37.1492204899777
"32" 1982 0 4 94 58349.380859375 11.6293966608728 8 4936.98999023438 59 36999.5875651042 11.7725152552557 45 28068.5400390625 1.70762864709613 224.215319574157 37.5555555555556
"33" 1982 0 5 2616 1684515.65771484 9.58796879976667 221 144481.335652669 1614 1045891.09578451 12.137490069241 1495 971311.313151042 1.6083944890349 219.392180322047 38.1946488294314
"34" 1982 1 1 528 351168.843688965 13.1924545425336 21 13713.2499593099 376 250295.606282552 5.19423861552092 318 211841.677164714 1.82549656152006 280.327761933043 39.314465408805
"35" 1982 1 2 383 266579.864054362 11.0549886986154 42 29401.091796875 215 154569.374084473 15.9814194392688 206 148386.101542155 1.51284782087002 193.798665426348 38.7378640776699
"36" 1982 1 3 26 16840.2199707031 12.4843379480093 1 581.521647135417 15 9112.66158040365 5.99866573063567 12 7533.90161132812 1.64550006689843 208.939121411276 36.5833333333333
"37" 1982 1 4 552 345326.667093913 10.4052846145425 45 27671.9498087565 355 227624.173278809 10.8391578665945 293 190014.04494222 1.52310848701992 196.475482933383 38.4846416382253
"38" 1982 1 5 184 124258.859822591 11.3413229430894 12 8179.07165527344 121 82118.8847249349 9.05787017021145 108 73205.5155436198 1.56509946704375 214.559206733541 38.7777777777778
"39" 1983 0 1 7984 5420038.57202148 13.2750560413786 441 288890.664591471 5783 3923878.91739909 6.85749977464869 4959 3368308.96594238 1.90344847323782 313.540521012247 39.1264367816092
"40" 1983 0 2 1862 1287655.27775065 12.1521164879892 243 170835.586771647 1090 758984.715047201 18.3729680280664 1045 728483.852539062 1.69860827856543 237.0666008184 37.6545454545455
"41" 1983 0 3 924 608854.03133138 13.2255546383257 50 33272.5343424479 574 378497.936442057 8.08035949713856 488 323450.646565755 1.85024734220532 280.099709378983 37.2889344262295
"42" 1983 0 4 99 60553.5892333984 11.5887587127107 4 2328.87337239583 74 45039.5142822266 4.91651391931761 66 40206.9268391927 1.54389157718895 199.839527987651 37.7727272727273
"43" 1983 0 5 2567 1698320.06315104 9.64553317658923 221 143436.512898763 1559 1041914.82283529 12.1007593761167 1455 973619.763712565 1.6031090054908 217.945502703998 38.1896907216495
"44" 1983 1 1 597 399391.361602783 13.2789882176049 33 20908.3197835286 430 289519.599721273 6.73532194426386 354 238744.380523682 1.83465054838989 290.764555974614 39.2542372881356
"45" 1983 1 2 340 226893.909495036 10.7339469117443 45 29435.4241129557 189 130289.459340413 18.428828042657 183 126209.404408773 1.46271351272877 184.162645218945 37.8524590163934
"46" 1983 1 4 531 343547.605173747 10.8262856171949 55 35356.7416788737 363 235251.819061279 13.06564048904 317 205707.66901652 1.50252075886886 192.951759541952 38.1892744479495
"47" 1983 1 5 218 149589.454589844 11.4734079673896 13 8022.98917643229 145 99486.3271484375 7.46259901066486 136 93476.6005452474 1.4813809010661 201.429920359565 37.9779411764706
"48" 1984 0 1 8273 5521945.37422689 13.3959700628791 362 233324.521016439 6150 4101099.26936849 5.38305740970746 5256 3508430.82889811 1.91602289240841 322.047769318572 39.5837138508371
"49" 1984 0 2 1925 1358467.64029948 12.2540703706688 171 118431.840372721 1207 863732.13273112 12.0582554049964 1166 833352.662068685 1.68240081454984 243.127622727521 38.458833619211
"50" 1984 0 3 978 609495.654012044 13.4597191159919 49 29089.2150472005 619 383657.710876465 7.04771210157489 530 324962.822550456 1.84580073677968 281.011294069128 37.8094339622642
"51" 1984 0 4 99 61003.2100423177 11.6503797030725 8 4915.6357421875 67 40648.0409342448 10.7884966726798 56 34187.4909261068 1.61728450550714 228.672774027644 39.5178571428571
"52" 1984 0 5 2896 1787050.68098958 9.94081709774121 208 124144.794230143 1833 1140889.14420573 9.81355443978363 1702 1059937.49173991 1.60618075776904 221.516400808171 38.219741480611
"53" 1984 1 1 565 377605.068725586 13.3396904468106 16 10459.1883951823 423 278538.21887207 3.61912879914181 341 225352.519002279 1.8298496177957 291.411468717096 39.058651026393
"54" 1984 1 2 343 233504.525878906 11.0834394484543 34 22792.1100667318 201 138016.473185221 14.1734412466164 191 132017.341552734 1.59817408678042 207.827512912297 37.9685863874346
"55" 1984 1 4 502 327305.058339437 11.390314438629 29 19601.7841389974 358 234946.903381348 7.7006031065985 300 198509.381825765 1.52839625211947 206.372716168435 39.0866666666667
"56" 1984 1 5 252 175437.899902344 11.7461835358841 22 15471.0491943359 161 112500.565897624 12.0894381017373 142 99322.6674194336 1.58361187050871 220.021740213056 38.4154929577465
"57" 1985 0 1 4413 2717189.35455322 13.4662882490872 183 105903.108622233 3343 2067255.63509115 4.87323390104818 2870 1780419.67989095 1.92641183773953 321.694272174964 39.1801393728223
"58" 1985 0 2 985 689541.752360026 12.2690996065293 93 68548.8491414388 628 446736.966389974 13.3030731829372 585 420506.067281087 1.64389917115018 235.77506989872 38.0820512820513
"59" 1985 0 3 505 278617.060709635 13.8212447515777 22 12699.1616414388 336 183453.435038249 6.4741236447541 278 151280.840026855 1.83838129141092 281.449472823975 38.0647482014388
"60" 1985 0 4 68 45039.6932576497 11.945657740574 6 3925.18833414714 44 29355.1192626953 11.7943270888504 34 23490.4025472005 1.73449568760168 237.522583707598 39.2058823529412
"61" 1985 0 5 1646 1048717.96561686 9.67008485278205 112 68209.8392944336 1040 672653.287353516 9.20680714709753 990 639972.028849284 1.57589473143154 213.88358444783 38.0707070707071
"62" 1985 1 1 317 188997.021647135 13.5804289736102 12 7092.05834960938 228 136228.334879557 4.94839442581581 190 113837.642333984 1.80999268872192 300.487405665 40.6631578947368
"63" 1985 1 2 215 141195.080566406 10.5375221036087 10 7034.1416015625 123 83367.0509033203 7.7810274473786 115 78233.4158935547 1.61127660788557 213.62290772677 39.0260869565217
"64" 1985 1 3 8 5389.78002929688 15.1246118787007 1 496.345825195312 6 4029.92500813802 10.9658887740437 5 3412.20251464844 1.81052380964929 339.330850403476 46
"65" 1985 1 4 234 160948.478302002 10.8817716036727 10 6923.10982259115 170 119493.409851074 5.47642811276772 147 103290.046447754 1.50873230852783 205.747433672414 39.3741496598639
"66" 1985 1 5 138 99550.5399576823 11.3641722539163 4 2525.22668457031 90 66314.3759358724 3.66827609173388 78 57003.1269124349 1.53276763495669 202.406325104649 36.8205128205128
